453387 157.56170894974338
320995 151.45493949424576
162585 144.94517657091163
178287 119.46435544712492
250122 94.36726898702872
157539 63.829304300275844
236674 45.91743885664002
246679 44.050115718278924
184117 29.443782820116805
173093 28.526921586269342
606377 27.77594479114241
619700 24.625376754112498
293288 22.0030215657267
93781 21.87914890133973
307418 18.798721958066114
202908 17.008415083831807
160970 16.42827186437991
178572 16.323049989785126
521898 15.042805655065186
146000 11.82004608998481
552238 11.504079692750757
462110 9.32748184246897
382653 8.67716706263246
624394 8.462644814698887
188263 8.427473518981074
296394 8.265024118307219
91278 6.583051243129177
605112 6.508569900969316
221505 6.386306815946725
324595 6.143299443686839
294940 5.770108397536032
565479 5.758738674242796
86452 5.378022713389328
214165 5.2281576900121145
82419 4.930379616068499
521292 4.8835569000736045
484756 4.866560328273292
239549 4.850741707618598
292142 4.833354072952598
219070 4.3135061492608475
179752 4.243491719416871
331992 4.071184081045011
227352 3.885156379831871
562586 3.8547001017219915
520564 3.8431684188859054
515470 3.7596242688748562
529946 3.626894885282207
89782 3.397768330078658
83144 3.359459601237887
89186 3.077300867855102
356007 2.999668241569954
242318 2.96593143298913
587671 2.9197308563268374
87847 2.8026215482970356
625818 2.7908027253925103
76229 2.6617953902430256
465675 2.564764213158207
539330 2.5628506898678682
96129 2.4979495604519215
291500 2.4069187682865727
367738 2.362103215713657
167433 2.2995030379706605
536611 2.296893103680533
314381 2.267209754168289
627210 2.262073581741884
598801 2.2554336601353193
588135 2.228031401901546
594112 2.181454881902153
219362 2.119681059929812
321808 2.118456799331485
370538 2.01922253222884
570785 1.9925637703431018
485263 1.9829677322962873
360010 1.9693859543876249
270688 1.9357043986497828
533953 1.9200818662494963
322600 1.9139779052731025
537138 1.870330600033754
256682 1.8245816410757152
510491 1.8146030631698622
119406 1.8120634330777168
282578 1.787285645087299
374337 1.7804042256060242
177203 1.779297918728401
156096 1.7543996177311698
588561 1.7498656196627091
479689 1.7396580493629563
377981 1.7230544952495552
267356 1.6925999590213578
223940 1.6821504062982497
213061 1.66899233410906
620954 1.6680479840499083
555699 1.6074291052383014
367228 1.6010626332991855
518105 1.5902876514414523
272049 1.5822716555211693
618595 1.569023992321306
485046 1.5606520904164438
314280 1.5234621969638764
573296 1.5000373274806946
361394 1.49305136168991
278086 1.4899277496904046
284223 1.4808043623149203
561727 1.4808043623149203
230480 1.4759918335792441
257848 1.4742617794411208
254022 1.4645627328373039
355006 1.4283648603113013
602630 1.4280995664398017
624022 1.4275272226214444
81757 1.4179486630018623
297261 1.4164978480219674
74731 1.394666329619744
256530 1.390842241814975
264450 1.3895110587750163
322125 1.3772470359753222
78694 1.3720426969739963
526420 1.3523306066784575
517762 1.340675227881549
319192 1.3380892664513797
259935 1.323246812422094
622103 1.3135390557211108
558013 1.3125020633527733
264522 1.3034329307038266
267460 1.301721120279834
332781 1.297513284760481
609450 1.2892137190350232
557895 1.2856487309987037
361374 1.2371601160175965
271188 1.1520261758502606
217346 1.1478073488628668
216678 1.1454313600371828
267411 1.1423383188184852
568389 1.1365719442680693
264157 1.1356752912165384
262077 1.1189632957082676
558488 1.1091363599521558
95837 1.08233983779284
90067 1.0807991298693431
616628 1.0415510032739033
516877 1.0140520468921246
114747 0.9636798780473304
379450 0.947662298639418
261367 0.9444902100448641
380887 0.9428900652430109
371769 0.9135175884898799
206947 0.9102738622729397
316766 0.9101742250669329
620152 0.9101742250669329
356737 0.9101742250669329
377049 0.8783273800415843
512411 0.8782583796328621
570062 0.8344590533360441
383471 0.8314071021105234
