374337 1.3952713429662846
177203 1.3944043498078358
156096 1.3748919911140338
588561 1.3713387769152556
479689 1.3633392843754584
377981 1.3503273722980575
267356 1.3264606901977787
223940 1.3182715603071185
213061 1.3079598115535402
620954 1.3072197410929602
555699 1.2597137965259104
367228 1.254724504923087
518105 1.2462803419679247
272049 1.239998347557864
618595 1.2296163879117357
485046 1.2230554762681998
314280 1.1939104136829464
573296 1.1755527572403577
361394 1.170077979248575
278086 1.1676300596993097
284223 1.1604802221665098
561727 1.1604802221665098
230480 1.1567087284037352
257848 1.155352915534957
254022 1.1477519440332218
355006 1.1193843107252932
602630 1.1191764046042876
624022 1.1187278688635875
81757 1.1112213208831434
297261 1.110084342810254
74731 1.0929753674652338
256530 1.0899784974004232
264450 1.0889352727657113
322125 1.079324174726403
78694 1.075245626179283
526420 1.0597976092043924
517762 1.0506634947191227
319192 1.048636922424113
259935 1.037005153374976
622103 1.0293973559239449
558013 1.0285846833220678
264522 1.0214773642601125
267460 1.020135848667846
439071 1.0175659876270864
332781 1.016838242297545
609450 1.0103340192400792
557895 1.0075402010871253
361374 0.9695405300179128
271188 0.9028225648946515
217346 0.8995163447049979
216678 0.8976543242312165
267411 0.8952303624628752
568389 0.890711356583597
264157 0.8900086654253807
262077 0.8769117697423038
558488 0.8692105737709189
95837 0.848210612682123
90067 0.8470031870971806
539075 0.817330009724695
616628 0.816245123554004
516877 0.7946946771726968
613630 0.7623581004025817
114747 0.7552188982111651
379450 0.7426662041599364
261367 0.7401802943594108
380887 0.7389262891427796
371769 0.7159075979398662
206947 0.7133655470000667
316766 0.7132874630816872
620152 0.7132874630816872
356737 0.7132874630816872
377049 0.6883296531704957
512411 0.6882755787689872
261266 0.6803312245199069
570062 0.6539508204111607
383471 0.6515590601446682
