214951 94.16449126478061
455254 80.2661513345214
517247 67.46365125249214
207703 56.88616161656008
537573 45.64074265048258
167001 37.11901550250723
170603 35.17368546002554
318506 35.15387835777181
362019 23.080717668674513
167063 20.738353340295223
251372 17.980190099967583
357613 17.888365709055545
162828 13.560832607465567
75216 12.16159775687539
376381 11.04871174112772
358826 10.643814545948945
176629 9.989694570068199
146856 9.956714280914081
170137 8.19853015928807
124843 7.132993097558879
96304 6.92494918243488
173123 6.047875638530589
375432 5.843780723301362
522919 5.4824535368679745
509991 3.9609009301464897
91449 3.4857090977425043
366585 1.0987110003138285
212634 1.0246180862112788
360553 0.9888330548767522
212300 0.839355818770189
