530413 1.9815625903977274
583975 1.977275789540413
542351 1.9719490712889132
448778 1.9566848853268595
552491 1.9466244277714588
524098 1.8543473875390646
8442 1.8509190401107243
229870 1.8273561586474378
243859 1.7641413765049738
159936 1.7274051902553957
463002 1.6722491130685464
462516 1.6421225403119921
479617 1.5928763152604044
450091 1.5671303909986887
595390 1.5218666379295633
452987 1.5187032591033096
123459 1.4462929566721427
443361 1.4449512773617788
334830 1.4440904637228162
102272 1.3044431126934761
319954 1.2840065441046469
623989 1.2630754591510638
223618 1.244846673449916
597786 1.2420567220352938
481483 1.1810759790631433
275773 1.1543512246400847
105524 1.1537725820987559
122547 1.133114165517378
111548 1.1120446671586435
114116 1.1083437118078978
211801 1.0550630258468867
298402 1.054940870208629
471357 1.0364059436783382
538399 1.0279650486741034
241450 0.9289879833505007
467834 0.911212470525399
104656 0.8793797519825125
281777 0.878695035684304
444691 0.8777043612988699
154918 0.8757412027466555
460378 0.8651089453920142
522238 0.8547919928029807
312787 0.84011018771454
468102 0.7968156068811082
289084 0.7822615057348171
34667 0.7689069939259287
86845 0.7614290405833333
257287 0.716086720062246
579646 0.7102856366927742
276999 0.6834917152998263
109801 0.672834755218282
605692 0.6518952188932262
221208 0.6187299260083872
98931 0.6169264942397236
566842 0.610500742648612
268667 0.5992303934978487
333913 0.5746001306629179
