311413 77.33607069800352
164845 55.67100410880375
531457 37.5059936302702
174901 33.543509079356
321817 19.911311887576066
171678 17.227423370461974
472401 12.61442194217323
546503 11.864178846660172
150387 10.764289403888283
148144 9.677148657235865
181751 9.18252849725191
532431 8.647143073628614
470496 8.07021624863277
588538 8.056117280236325
162235 7.816603711487006
452745 7.731955270466343
586188 6.760803231811278
162433 6.4771371243699845
318311 6.476305838529714
600250 5.580694419572036
534288 5.574899684391514
457697 5.4153748681446086
585594 5.29099608243418
583661 5.283604597034609
442457 4.862019613247525
448111 4.811527538138502
586775 4.80005265581632
93065 4.720923297579396
537608 4.7188606374316455
620296 4.626625011472774
143918 4.618273812929882
536489 4.431019436292931
96013 4.4299077217477265
457945 4.326270786566427
152750 3.9166123126197183
469649 3.6240155698864296
116391 3.610225820584759
442847 3.6067853069167852
167632 3.5488009250702386
527582 3.4654161375898354
210918 3.3582392813804076
146551 3.11438359721186
449175 3.0978626877631066
183670 2.8018683946624767
485329 2.7993742908119814
154632 2.766243741547705
465035 2.6178048245493657
625756 2.561321587518202
183292 2.5426196163315287
442307 2.531784382722899
113556 2.5286780044702977
528700 2.370340063939471
295045 2.1488534882293973
540955 2.145178968350339
524831 2.0649202875091337
163175 2.0417910286516023
527541 2.0007043836031673
530413 1.9795579267472496
583975 1.975275462666324
552491 1.9446551095927673
524098 1.8524714221664988
8442 1.849046543053267
229870 1.8255074991675564
159936 1.7256576469724674
463002 1.6705573688724475
462516 1.6404612739042868
479617 1.5912648691903266
450091 1.5655449909989019
595390 1.5203270293677567
452987 1.5171668507990048
123459 1.4448298028296993
443361 1.4434894808399452
334830 1.4426295380499887
102272 1.303123462380736
319954 1.282707568610047
623989 1.261797658756042
223618 1.2435873143518101
597786 1.2408001854138613
481483 1.1798811340982889
275773 1.1531834159868863
122547 1.131967841504974
111548 1.1109196582728464
114116 1.1072224470231953
211801 1.0539956628944738
298402 1.0538736308359447
471357 1.0353574553123894
538399 1.0269250996071275
241450 0.9280481652236457
467834 0.9102906351383282
104656 0.878490120419872
281777 0.8778060968203855
444691 0.8768164246586205
154918 0.8748552521514641
460378 0.864233751005052
468102 0.7960095019965144
289084 0.7814701246231058
86845 0.760658734801688
257287 0.7153622852019722
276999 0.6828002554369363
109801 0.6721540765543325
605692 0.6512357238787523
221208 0.6181039829278393
268667 0.598624177275395
333913 0.5740188318429454
