326368 232.0239837734279
453387 110.09116444348112
455254 80.2661513345214
329737 66.48035009183458
520215 48.66423234427099
593112 44.151762543607816
146350 35.37638966949786
78479 28.396707376600087
160709 26.82481007744064
316802 26.767845658715377
577319 25.871604027410818
182928 22.805010194940856
466031 21.005614961553892
589756 13.962265762647545
290990 13.441604529360388
510415 10.619425040049599
522925 9.924025786177523
212092 9.328360439457102
448808 9.251409920833018
149659 8.267465149180568
591581 7.214957057217121
541854 7.209692025123179
599907 6.956235596717017
179606 6.492781335616342
88121 5.8714928228908665
111521 5.84585731303858
184477 5.722591907432337
78858 5.59601008665922
164485 5.383762969354632
158300 5.378546713178574
470778 5.179097974137448
468425 5.142439172121881
164558 4.969039202597624
453526 4.8615791352287685
179100 4.548242042918545
604857 4.3531194509270215
473425 4.246917133579516
618394 4.1454565365108085
91053 4.10598372248576
88001 4.040593528454468
85908 3.8985996519833286
85603 3.637963487681724
486255 3.629637725363761
164958 3.46110437453914
150953 3.146219819455985
441985 2.775041147063919
296488 2.7389635188111643
596305 2.5327073607201678
540755 2.4602767863523076
253099 2.4523756881200347
280020 2.3597825662496574
528260 2.3459124941154976
611059 2.3119657270164904
441607 2.120973031898083
595047 2.0378613252851725
86843 2.016679948585509
91401 1.9081481348816378
613407 1.903281059472131
438693 1.8442455551656007
95982 1.7587157627394778
329038 1.5395316519856075
565304 1.429247071332507
614591 1.4214984649745244
313625 1.3979817370651733
456625 1.3741314158038622
94759 1.3464030241956448
212120 1.301100141658071
165496 1.2773224003871606
170588 1.2515312534336658
626189 1.174671134288143
586897 1.1489293429988978
75470 1.118026114939322
329820 1.0962250454106393
512915 1.057505469007738
441047 1.057257401016763
326485 1.0194785858840436
526432 0.9702408655927209
76629 0.9657687581206804
442573 0.9438496908891141
454046 0.9259050715112697
176509 0.9193469931302322
207682 0.8923548128229059
582416 0.881516318948362
624779 0.8713555937918364
297636 0.8607150447968166
593197 0.8420674152358973
473212 0.8369887090822923
600432 0.7942349081269338
467421 0.7878072437810377
449797 0.7825033673148961
584179 0.7583467125065291
531117 0.7583467125065291
470502 0.7265506707563921
376873 0.7265506707563921
291673 0.7087770013963716
148633 0.7041001346810876
526510 0.6925441847849232
445731 0.6781459546148147
440630 0.6317675722235284
313221 0.6317675722235284
586660 0.6196556939098888
446570 0.5686583115366696
225761 0.5686583115366696
90321 0.5686583115366696
